76
German1820           0.00000000  0.03319502  0.04878049  0.07317073  0.07531381  0.09205021  0.09205021  0.09756097  0.08368201  0.08943089  0.00813008  0.00813008  0.01626016  0.10569106  0.10569106  0.08943089  0.08130081  0.13008130  0.09756097  0.11382114  0.11382114  0.13008130  0.13008130  0.12195122  0.13364056  0.13008130  0.13008130  0.11382114  0.08368201  0.13821138  0.09205021  0.12195122  0.08943089  0.11715481  0.09349594  0.09349594  0.12195122  0.13414635  0.13821138  0.13592233  0.08943089  0.11382114  0.15447155  0.06837607  0.13008130  0.13592233  0.14227642  0.15481171  0.13821138  0.15062761  0.15853658  0.09734514  0.10619469  0.13100436  0.12669684  0.12669684  0.12195122  0.12601626  0.11267605  0.06866953  0.12682927  0.12690355  0.10152284  0.11219512  0.07425743  0.13705584  0.11386139  0.16393442  0.14285715  0.19918700  0.16260162  0.19512194  0.19512194  0.19512194  0.17886178  0.19512194
German1909           0.03319502  0.00000000  0.03212851  0.07468880  0.07438017  0.09090909  0.09090909  0.09638554  0.08547009  0.06425703  0.02489627  0.02409638  0.02489627  0.10441767  0.08835341  0.08835341  0.07228915  0.11244980  0.08032128  0.09638554  0.09638554  0.11244980  0.11244980  0.10441767  0.13679245  0.11244980  0.12851405  0.09638554  0.08264463  0.12048193  0.07438017  0.10441767  0.08032128  0.10743801  0.07630522  0.07630522  0.10441767  0.11646587  0.12048193  0.13397129  0.08032128  0.08835341  0.13654618  0.05907173  0.11244980  0.11214953  0.12449799  0.14462809  0.14457831  0.15702480  0.15662651  0.10859729  0.11764706  0.12931034  0.11607143  0.11607143  0.11244980  0.11646587  0.11111111  0.06140351  0.12500000  0.13705584  0.12000000  0.12980770  0.08629441  0.14720812  0.12690355  0.17801048  0.14678898  0.18875502  0.16867469  0.18875502  0.19277108  0.19277108  0.17670682  0.19277108
German1916           0.04878049  0.03212851  0.00000000  0.06504065  0.04858300  0.06477733  0.07287449  0.07086615  0.06530612  0.06153846  0.04878049  0.04724409  0.04878049  0.10236221  0.07692308  0.07692308  0.06299213  0.12598425  0.10236221  0.11811024  0.11811024  0.12598425  0.12598425  0.11811024  0.14285715  0.12598425  0.13385826  0.11811024  0.09716599  0.13385826  0.09716599  0.11811024  0.08661418  0.11336032  0.09842519  0.09842519  0.11811024  0.12992126  0.13385826  0.14018692  0.09448819  0.11811024  0.15748031  0.08264463  0.14492753  0.13913043  0.13779527  0.15953307  0.14960630  0.15384616  0.17110266  0.12389380  0.13274336  0.14345992  0.13973799  0.13973799  0.13076924  0.12992126  0.10859729  0.06008584  0.11353712  0.13615024  0.12500000  0.12500000  0.10550459  0.14553991  0.12385321  0.17910448  0.16239317  0.19615385  0.17424242  0.20512821  0.19685039  0.19685039  0.18110237  0.19685039
Danish1808           0.07317073  0.07468880  0.06504065  0.00000000  0.03347280  0.06694560  0.05857741  0.08032128  0.04184100  0.08943089  0.07317073  0.07317073  0.06504065  0.13008130  0.07317073  0.05691057  0.09638554  0.14634146  0.13821138  0.15447155  0.15447155  0.16260162  0.16260162  0.16867469  0.15207373  0.17073171  0.17073171  0.15447155  0.12552302  0.17073171  0.12552302  0.16260162  0.13008130  0.15062761  0.13414635  0.13414635  0.16260162  0.17479675  0.17886178  0.17475729  0.11382114  0.14634146  0.18699187  0.11111111  0.16260162  0.15533981  0.17479675  0.18828452  0.17886178  0.17573221  0.18292683  0.12389380  0.13274336  0.13973799  0.13574661  0.13574661  0.14634146  0.15040651  0.13145539  0.09442060  0.12682927  0.15736040  0.14213198  0.14146341  0.09405941  0.16751269  0.14356436  0.17486338  0.15238096  0.20731707  0.17886178  0.20325203  0.19512194  0.19512194  0.18699187  0.19512194
Danish1871           0.07531381  0.07438017  0.04858300  0.03347280  0.00000000  0.03238866  0.04048583  0.03238866  0.03347280  0.06477733  0.07531381  0.07287449  0.07531381  0.10526316  0.07287449  0.05668016  0.05668016  0.14574899  0.12955466  0.14574899  0.14574899  0.15384616  0.15384616  0.14574899  0.14285715  0.15384616  0.15384616  0.14574899  0.12145749  0.16194332  0.12145749  0.14574899  0.11336032  0.13765182  0.12550607  0.12550607  0.14574899  0.15789473  0.16194332  0.16425121  0.11336032  0.13765182  0.17813765  0.10212766  0.15384616  0.14018692  0.15789473  0.17408907  0.17004049  0.17004049  0.18218623  0.13274336  0.14159292  0.14345992  0.13973799  0.13973799  0.12955466  0.13360325  0.11764706  0.07079646  0.11267605  0.14720812  0.14141414  0.13106796  0.11386139  0.15736040  0.13366337  0.17391305  0.15165877  0.19838056  0.17813765  0.20242915  0.19433199  0.19433199  0.18623482  0.19433199
Danish1907           0.09205021  0.09090909  0.06477733  0.06694560  0.03238866  0.00000000  0.00809717  0.00000000  0.05020921  0.04858300  0.09205021  0.08906882  0.09205021  0.10526316  0.08906882  0.07287449  0.04048583  0.12955466  0.14574899  0.12955466  0.12955466  0.13765182  0.13765182  0.13765182  0.13364056  0.15384616  0.13765182  0.12955466  0.13765182  0.14574899  0.13765182  0.12955466  0.12955466  0.13765182  0.14170040  0.14170040  0.14574899  0.14170040  0.13765182  0.13526569  0.12955466  0.15384616  0.15384616  0.11914894  0.13765182  0.13084112  0.14979757  0.16599190  0.16194332  0.17813765  0.19028340  0.14159292  0.15929204  0.16033755  0.15720524  0.15720524  0.14574899  0.14979757  0.10859729  0.07964602  0.12206573  0.12690355  0.16161616  0.16019417  0.13366337  0.13705584  0.13366337  0.17391305  0.16113745  0.19838056  0.17813765  0.20242915  0.19433199  0.19433199  0.18623482  0.19433199
Danish1926           0.09205021  0.09090909  0.07287449  0.05857741  0.04048583  0.00809717  0.00000000  0.00809717  0.05857741  0.04858300  0.09205021  0.08906882  0.08368201  0.11336032  0.09716599  0.08097166  0.04048583  0.12955466  0.14574899  0.12955466  0.12955466  0.13765182  0.13765182  0.13765182  0.13364056  0.15384616  0.13765182  0.12955466  0.13765182  0.14574899  0.13765182  0.12955466  0.13765182  0.14574899  0.14170040  0.14170040  0.14574899  0.14170040  0.13765182  0.13526569  0.12145749  0.15384616  0.15384616  0.11914894  0.13765182  0.13084112  0.14979757  0.16599190  0.16194332  0.17813765  0.19028340  0.14159292  0.15929204  0.16033755  0.15720524  0.15720524  0.14574899  0.14979757  0.11764706  0.08849557  0.13145539  0.13705584  0.17171717  0.16990291  0.12376238  0.14720812  0.14356436  0.17391305  0.16113745  0.19838056  0.17813765  0.20242915  0.19433199  0.19433199  0.18623482  0.19433199
Danish1967           0.09756097  0.09638554  0.07086615  0.08032128  0.03238866  0.00000000  0.00809717  0.00000000  0.05020921  0.05511811  0.09756097  0.09448819  0.09756097  0.11023622  0.09448819  0.07874016  0.04669261  0.13385826  0.14960630  0.13385826  0.13385826  0.14173229  0.14173229  0.14785992  0.13364056  0.15748031  0.14173229  0.13385826  0.13765182  0.14960630  0.13765182  0.13385826  0.13385826  0.13765182  0.14566930  0.14566930  0.14960630  0.14566930  0.14173229  0.14018692  0.13385826  0.15748031  0.15748031  0.12396694  0.14173229  0.13084112  0.15354331  0.16599190  0.16535433  0.17813765  0.19921875  0.14159292  0.15929204  0.16033755  0.15720524  0.15720524  0.14960630  0.15354331  0.10859729  0.08583691  0.12206573  0.12690355  0.16585366  0.16431925  0.13366337  0.13705584  0.13366337  0.17801048  0.16513762  0.20078740  0.18110237  0.20472442  0.19685039  0.19685039  0.18897638  0.19685039
Icelandic1857        0.08368201  0.08547009  0.06530612  0.04184100  0.03347280  0.05020921  0.05857741  0.05020921  0.00000000  0.06400000  0.08368201  0.08368201  0.08368201  0.12552302  0.05714286  0.04081633  0.07531381  0.13389121  0.12552302  0.14225942  0.14225942  0.14225942  0.14225942  0.14225942  0.15765765  0.15062761  0.15899582  0.14225942  0.12552302  0.15062761  0.12552302  0.15062761  0.11715481  0.14225942  0.12133891  0.12970711  0.15062761  0.16317992  0.16736402  0.15075377  0.11715481  0.13389121  0.17573221  0.09691630  0.14693877  0.15165877  0.15481171  0.18442623  0.16736402  0.16736402  0.17551020  0.12389380  0.12389380  0.14847161  0.14479639  0.14479639  0.15062761  0.14644352  0.12206573  0.07964602  0.11707317  0.13705584  0.13265306  0.13235295  0.10396039  0.14720812  0.12376238  0.17679559  0.14423077  0.20502092  0.17573221  0.20408164  0.19246861  0.19246861  0.18410042  0.19246861
IcelandicSL          0.08943089  0.06425703  0.06153846  0.08943089  0.06477733  0.04858300  0.04858300  0.05511811  0.06400000  0.00000000  0.08943089  0.08661418  0.08943089  0.12500000  0.10000000  0.10000000  0.03937008  0.10236221  0.09448819  0.07874016  0.07874016  0.08661418  0.08661418  0.08661418  0.11261261  0.10236221  0.11023622  0.07874016  0.10526316  0.09448819  0.09716599  0.08661418  0.11811024  0.11336032  0.09055118  0.09842519  0.11023622  0.10629921  0.10236221  0.09345794  0.09448819  0.11023622  0.12598425  0.09090909  0.09230769  0.09132420  0.10629921  0.15476191  0.14173229  0.17004049  0.17307693  0.13274336  0.13274336  0.14345992  0.13973799  0.13973799  0.11811024  0.11417323  0.12669684  0.06866953  0.14084508  0.15736040  0.16113745  0.15981735  0.13366337  0.14720812  0.16336633  0.18367347  0.13452914  0.19921875  0.17322835  0.20000000  0.19685039  0.19685039  0.18110237  0.19685039
Hungary1827          0.00813008  0.02489627  0.04878049  0.07317073  0.07531381  0.09205021  0.09205021  0.09756097  0.08368201  0.08943089  0.00000000  0.00000000  0.00813008  0.11382114  0.10569106  0.08943089  0.08130081  0.12195122  0.08943089  0.10569106  0.10569106  0.12195122  0.12195122  0.11382114  0.13364056  0.12195122  0.12195122  0.10569106  0.07531381  0.13008130  0.08368201  0.11382114  0.08130081  0.10878661  0.08536585  0.08536585  0.11382114  0.12601626  0.13008130  0.13592233  0.08130081  0.10569106  0.14634146  0.05982906  0.12195122  0.12621360  0.13414635  0.14644352  0.13821138  0.15062761  0.15853658  0.09734514  0.10619469  0.13100436  0.11764706  0.11764706  0.11382114  0.11788618  0.12206573  0.06866953  0.12682927  0.12690355  0.10152284  0.11219512  0.07425743  0.13705584  0.11386139  0.16393442  0.14285715  0.19918700  0.16260162  0.19512194  0.19512194  0.19512194  0.17886178  0.19512194
Austrian1786         0.00813008  0.02409638  0.04724409  0.07317073  0.07287449  0.08906882  0.08906882  0.09448819  0.08368201  0.08661418  0.00000000  0.00000000  0.00813008  0.11023622  0.10236221  0.08661418  0.07874016  0.11811024  0.08661418  0.10236221  0.10236221  0.11811024  0.11811024  0.11023622  0.13364056  0.11811024  0.11811024  0.10236221  0.07287449  0.12598425  0.08097166  0.11023622  0.07874016  0.10526316  0.08267716  0.08267716  0.11023622  0.12204725  0.12598425  0.13084112  0.07874016  0.10236221  0.14960630  0.05785124  0.11811024  0.12149533  0.12992126  0.14170040  0.14173229  0.15384616  0.16141732  0.09734514  0.10619469  0.12658228  0.11353712  0.11353712  0.11023622  0.11417323  0.11764706  0.06866953  0.12206573  0.12690355  0.10731708  0.11737089  0.07425743  0.13705584  0.11386139  0.16753927  0.14678898  0.19291338  0.16535433  0.19685039  0.19685039  0.19685039  0.18110237  0.19685039
Austrian1823         0.01626016  0.02489627  0.04878049  0.06504065  0.07531381  0.09205021  0.08368201  0.09756097  0.08368201  0.08943089  0.00813008  0.00813008  0.00000000  0.11382114  0.10569106  0.08943089  0.08130081  0.12195122  0.08943089  0.10569106  0.10569106  0.12195122  0.12195122  0.11382114  0.13364056  0.12195122  0.12195122  0.10569106  0.08368201  0.13008130  0.08368201  0.11382114  0.08130081  0.10878661  0.08536585  0.08536585  0.11382114  0.12601626  0.13008130  0.13592233  0.07317073  0.10569106  0.14634146  0.05982906  0.12195122  0.12621360  0.13414635  0.14644352  0.13821138  0.15062761  0.15853658  0.09734514  0.10619469  0.13100436  0.11764706  0.11764706  0.11382114  0.11788618  0.12206573  0.06866953  0.12682927  0.12690355  0.10152284  0.11219512  0.06435644  0.13705584  0.11386139  0.16393442  0.14285715  0.19918700  0.16260162  0.19512194  0.19512194  0.19512194  0.17886178  0.19512194
PolishSL             0.10569106  0.10441767  0.10236221  0.13008130  0.10526316  0.10526316  0.11336032  0.11023622  0.12552302  0.12500000  0.11382114  0.11023622  0.11382114  0.00000000  0.11811024  0.11811024  0.10236221  0.12598425  0.14173229  0.14173229  0.14173229  0.14960630  0.14960630  0.14173229  0.16129032  0.14960630  0.14960630  0.14173229  0.13765182  0.14960630  0.13765182  0.13385826  0.12598425  0.13765182  0.13779527  0.13779527  0.13385826  0.13779527  0.14173229  0.14953271  0.13385826  0.14960630  0.16535433  0.11570248  0.14960630  0.15887851  0.15354331  0.16599190  0.15748031  0.17813765  0.18503937  0.15044248  0.15929204  0.13502109  0.13100436  0.13100436  0.11811024  0.12204725  0.03619910  0.09442060  0.11267605  0.13705584  0.14634146  0.10798122  0.16336633  0.14720812  0.13366337  0.17801048  0.17431192  0.17716536  0.17187500  0.18897638  0.18110237  0.18110237  0.16535433  0.18110237
Norwegian1893        0.10569106  0.08835341  0.07692308  0.07317073  0.07287449  0.08906882  0.09716599  0.09448819  0.05714286  0.10000000  0.10569106  0.10236221  0.10569106  0.11811024  0.00000000  0.01538462  0.08661418  0.12598425  0.10236221  0.11811024  0.11811024  0.11811024  0.11811024  0.12598425  0.14285715  0.13385826  0.14960630  0.12598425  0.09716599  0.13385826  0.08906882  0.11811024  0.09448819  0.10526316  0.09842519  0.09842519  0.11811024  0.12992126  0.13385826  0.13084112  0.11023622  0.11811024  0.15748031  0.08264463  0.12307692  0.12149533  0.12992126  0.17408907  0.16535433  0.17004049  0.18076923  0.13274336  0.12389380  0.13502109  0.13973799  0.13973799  0.14173229  0.14566930  0.11764706  0.06866953  0.10328639  0.12690355  0.12322275  0.11415525  0.10396039  0.13705584  0.11386139  0.17801048  0.15596330  0.20078740  0.18110237  0.20769231  0.19685039  0.19685039  0.18897638  0.19685039
Norwegian1900        0.08943089  0.08835341  0.07692308  0.05691057  0.05668016  0.07287449  0.08097166  0.07874016  0.04081633  0.10000000  0.08943089  0.08661418  0.08943089  0.11811024  0.01538462  0.00000000  0.08661418  0.12598425  0.11811024  0.13385826  0.13385826  0.13385826  0.13385826  0.13385826  0.14285715  0.14173229  0.14960630  0.13385826  0.10526316  0.14173229  0.10526316  0.13385826  0.10236221  0.12145749  0.11417323  0.11417323  0.13385826  0.14566930  0.14960630  0.13084112  0.11811024  0.12598425  0.16535433  0.09090909  0.13846155  0.14018692  0.14566930  0.17408907  0.16535433  0.17004049  0.18076923  0.13274336  0.12389380  0.13502109  0.13973799  0.13973799  0.14173229  0.14566930  0.11764706  0.06008584  0.10328639  0.12690355  0.12322275  0.11415525  0.09405941  0.13705584  0.11386139  0.17801048  0.15596330  0.20078740  0.18110237  0.20769231  0.19685039  0.19685039  0.18897638  0.19685039
Norwegian1955        0.08130081  0.07228915  0.06299213  0.09638554  0.05668016  0.04048583  0.04048583  0.04669261  0.07531381  0.03937008  0.08130081  0.07874016  0.08130081  0.10236221  0.08661418  0.08661418  0.00000000  0.10236221  0.10236221  0.08661418  0.08661418  0.09448819  0.09448819  0.10894942  0.11520737  0.11811024  0.11023622  0.09448819  0.11336032  0.11023622  0.09716599  0.08661418  0.11023622  0.11336032  0.09842519  0.09842519  0.11023622  0.10629921  0.10236221  0.10280374  0.11023622  0.12598425  0.13385826  0.07438017  0.09448819  0.10280374  0.11417323  0.15789473  0.13385826  0.17004049  0.16929133  0.13274336  0.15044248  0.14345992  0.13973799  0.13973799  0.12598425  0.12992126  0.11764706  0.07725322  0.13145539  0.14720812  0.14634146  0.13615024  0.13366337  0.15736040  0.15346535  0.17801048  0.14678898  0.19291338  0.17322835  0.19685039  0.19685039  0.19685039  0.18110237  0.19685039
NorwegianSL          0.13008130  0.11244980  0.12598425  0.14634146  0.14574899  0.12955466  0.12955466  0.13385826  0.13389121  0.10236221  0.12195122  0.11811024  0.12195122  0.12598425  0.12598425  0.12598425  0.10236221  0.00000000  0.11023622  0.10236221  0.10236221  0.10236221  0.10236221  0.09448819  0.13364056  0.11023622  0.11023622  0.10236221  0.12145749  0.11023622  0.11336032  0.11023622  0.13385826  0.12955466  0.11417323  0.11417323  0.11023622  0.09055118  0.10236221  0.09345794  0.12598425  0.13385826  0.12598425  0.10743801  0.10236221  0.12149533  0.09842519  0.14979757  0.14173229  0.17813765  0.16929133  0.16814159  0.15929204  0.16877638  0.15720524  0.15720524  0.13385826  0.13779527  0.14479639  0.11158799  0.15023474  0.14720812  0.15609756  0.13615024  0.15346535  0.13705584  0.15346535  0.16753927  0.14678898  0.18503937  0.17322835  0.19685039  0.18897638  0.18897638  0.17322835  0.18897638
American1821         0.09756097  0.08032128  0.10236221  0.13821138  0.12955466  0.14574899  0.14574899  0.14960630  0.12552302  0.09448819  0.08943089  0.08661418  0.08943089  0.14173229  0.10236221  0.11811024  0.10236221  0.11023622  0.00000000  0.01574803  0.01574803  0.03149606  0.03937008  0.03937008  0.09677419  0.04724409  0.07874016  0.03149606  0.03238866  0.06299213  0.01619433  0.04724409  0.04724409  0.04858300  0.01181102  0.01968504  0.04724409  0.05905512  0.04724409  0.04672897  0.05511811  0.03937008  0.08661418  0.01652892  0.03937008  0.03738318  0.05118110  0.10931174  0.11023622  0.13765182  0.13779527  0.12389380  0.09734514  0.13502109  0.12227074  0.12227074  0.11023622  0.10629921  0.16289593  0.10300429  0.13145539  0.14720812  0.10731708  0.11737089  0.10396039  0.13705584  0.13366337  0.16753927  0.11926606  0.19291338  0.18110237  0.19685039  0.20472442  0.20472442  0.18110237  0.20472442
American1886         0.11382114  0.09638554  0.11811024  0.15447155  0.14574899  0.12955466  0.12955466  0.13385826  0.14225942  0.07874016  0.10569106  0.10236221  0.10569106  0.14173229  0.11811024  0.13385826  0.08661418  0.10236221  0.01574803  0.00000000  0.00000000  0.01574803  0.02362205  0.03149606  0.07834101  0.04724409  0.06299213  0.01574803  0.04858300  0.04724409  0.03238866  0.03149606  0.06299213  0.04858300  0.02755906  0.03543307  0.05511811  0.05118110  0.03149606  0.02803738  0.07086615  0.05511811  0.07086615  0.03305785  0.02362205  0.01869159  0.04330709  0.11740891  0.11023622  0.15384616  0.15354331  0.13274336  0.11504425  0.13502109  0.12227074  0.12227074  0.11023622  0.10629921  0.16289593  0.11158799  0.15023474  0.14720812  0.12682927  0.13615024  0.12376238  0.13705584  0.15346535  0.16753927  0.11926606  0.19291338  0.18110237  0.19685039  0.20472442  0.20472442  0.18110237  0.20472442
American1918         0.11382114  0.09638554  0.11811024  0.15447155  0.14574899  0.12955466  0.12955466  0.13385826  0.14225942  0.07874016  0.10569106  0.10236221  0.10569106  0.14173229  0.11811024  0.13385826  0.08661418  0.10236221  0.01574803  0.00000000  0.00000000  0.01574803  0.02362205  0.03149606  0.07834101  0.04724409  0.06299213  0.01574803  0.04858300  0.04724409  0.03238866  0.03149606  0.06299213  0.04858300  0.02755906  0.03543307  0.05511811  0.05118110  0.03149606  0.02803738  0.07086615  0.05511811  0.07086615  0.03305785  0.02362205  0.01869159  0.04330709  0.11740891  0.11023622  0.15384616  0.15354331  0.13274336  0.11504425  0.13502109  0.12227074  0.12227074  0.11023622  0.10629921  0.16289593  0.11158799  0.15023474  0.14720812  0.12682927  0.13615024  0.12376238  0.13705584  0.15346535  0.16753927  0.11926606  0.19291338  0.18110237  0.19685039  0.20472442  0.20472442  0.18110237  0.20472442
AmericanSL           0.13008130  0.11244980  0.12598425  0.16260162  0.15384616  0.13765182  0.13765182  0.14173229  0.14225942  0.08661418  0.12195122  0.11811024  0.12195122  0.14960630  0.11811024  0.13385826  0.09448819  0.10236221  0.03149606  0.01574803  0.01574803  0.00000000  0.00787402  0.03149606  0.08755761  0.04724409  0.07086615  0.03149606  0.06477733  0.03937008  0.04858300  0.03149606  0.07874016  0.06477733  0.04330709  0.05118110  0.06299213  0.05118110  0.03937008  0.01869159  0.08661418  0.07086615  0.07086615  0.04958678  0.00787402  0.02803738  0.05118110  0.12550607  0.11811024  0.16194332  0.15354331  0.14159292  0.12389380  0.14345992  0.13100436  0.13100436  0.11023622  0.10629921  0.16289593  0.12017167  0.15023474  0.13705584  0.13658537  0.13615024  0.13366337  0.12690355  0.15346535  0.16753927  0.11926606  0.19291338  0.18110237  0.19685039  0.20472442  0.20472442  0.18110237  0.20472442
GermanSL             0.13008130  0.11244980  0.12598425  0.16260162  0.15384616  0.13765182  0.13765182  0.14173229  0.14225942  0.08661418  0.12195122  0.11811024  0.12195122  0.14960630  0.11811024  0.13385826  0.09448819  0.10236221  0.03937008  0.02362205  0.02362205  0.00787402  0.00000000  0.02362205  0.08755761  0.03937008  0.07086615  0.02362205  0.06477733  0.03149606  0.04858300  0.03149606  0.07874016  0.06477733  0.04330709  0.05118110  0.06299213  0.05118110  0.04724409  0.02803738  0.08661418  0.07086615  0.07086615  0.04958678  0.00000000  0.03738318  0.05118110  0.12550607  0.11811024  0.15384616  0.14566930  0.14159292  0.12389380  0.14345992  0.13100436  0.13100436  0.11023622  0.10629921  0.16289593  0.12017167  0.15023474  0.13705584  0.13658537  0.13615024  0.13366337  0.12690355  0.15346535  0.16753927  0.11926606  0.19291338  0.18110237  0.19685039  0.20472442  0.20472442  0.18110237  0.20472442
DanishSL             0.12195122  0.10441767  0.11811024  0.16867469  0.14574899  0.13765182  0.13765182  0.14785992  0.14225942  0.08661418  0.11382114  0.11023622  0.11382114  0.14173229  0.12598425  0.13385826  0.10894942  0.09448819  0.03937008  0.03149606  0.03149606  0.03149606  0.02362205  0.00000000  0.08755761  0.02362205  0.07086615  0.01574803  0.04858300  0.03937008  0.04858300  0.03937008  0.07086615  0.06477733  0.04330709  0.05118110  0.06299213  0.04330709  0.05511811  0.04672897  0.07874016  0.06299213  0.07086615  0.04958678  0.02362205  0.04672897  0.04330709  0.11740891  0.11023622  0.14574899  0.14566930  0.14159292  0.12389380  0.14345992  0.13100436  0.13100436  0.10236221  0.09842519  0.16289593  0.11158799  0.15023474  0.13705584  0.13658537  0.13615024  0.13366337  0.12690355  0.15346535  0.16753927  0.11926606  0.19291338  0.18110237  0.19685039  0.20472442  0.20472442  0.18110237  0.20472442
GreekSL              0.13364056  0.13679245  0.14285715  0.15207373  0.14285715  0.13364056  0.13364056  0.13364056  0.15765765  0.11261261  0.13364056  0.13364056  0.13364056  0.16129032  0.14285715  0.14285715  0.11520737  0.13364056  0.09677419  0.07834101  0.07834101  0.08755761  0.08755761  0.08755761  0.00000000  0.10599078  0.07834101  0.07834101  0.10599078  0.10599078  0.09677419  0.08755761  0.12442397  0.10599078  0.10138249  0.10138249  0.10599078  0.11059908  0.09677419  0.07486631  0.12442397  0.11520737  0.10599078  0.10599078  0.08755761  0.08955224  0.10138249  0.14414415  0.13364056  0.16129032  0.16589862  0.15942030  0.14975846  0.15942030  0.16582915  0.16582915  0.14285715  0.14746544  0.16915423  0.12442397  0.15544042  0.13829787  0.17261904  0.16939890  0.12435233  0.12765957  0.14507772  0.17543860  0.13131313  0.20276497  0.17972350  0.19815668  0.18894009  0.18894009  0.17972350  0.18894009
FinnishSL            0.13008130  0.11244980  0.12598425  0.17073171  0.15384616  0.15384616  0.15384616  0.15748031  0.15062761  0.10236221  0.12195122  0.11811024  0.12195122  0.14960630  0.13385826  0.14173229  0.11811024  0.11023622  0.04724409  0.04724409  0.04724409  0.04724409  0.03937008  0.02362205  0.10599078  0.00000000  0.08661418  0.03149606  0.05668016  0.03937008  0.05668016  0.03937008  0.07874016  0.08097166  0.05118110  0.05905512  0.06299213  0.05118110  0.05511811  0.05607476  0.07874016  0.06299213  0.07874016  0.05785124  0.03937008  0.06074766  0.05118110  0.11740891  0.10236221  0.13765182  0.13779527  0.14159292  0.11504425  0.14345992  0.13100436  0.13100436  0.11023622  0.10629921  0.16742082  0.12875536  0.14553991  0.13705584  0.13658537  0.13615024  0.14356436  0.12690355  0.15346535  0.16753927  0.13302752  0.20078740  0.18897638  0.20472442  0.21259843  0.21259843  0.18897638  0.21259843
IrishSL              0.13008130  0.12851405  0.13385826  0.17073171  0.15384616  0.13765182  0.13765182  0.14173229  0.15899582  0.11023622  0.12195122  0.11811024  0.12195122  0.14960630  0.14960630  0.14960630  0.11023622  0.11023622  0.07874016  0.06299213  0.06299213  0.07086615  0.07086615  0.07086615  0.07834101  0.08661418  0.00000000  0.06299213  0.08097166  0.07874016  0.08097166  0.07086615  0.09448819  0.08097166  0.08267716  0.08267716  0.08661418  0.08267716  0.07086615  0.07476635  0.10236221  0.10236221  0.10236221  0.08264463  0.07086615  0.08411215  0.07480315  0.11740891  0.12598425  0.15384616  0.16141732  0.14159292  0.13274336  0.15189873  0.13973799  0.13973799  0.11811024  0.12204725  0.17194571  0.12017167  0.15962441  0.14720812  0.15609756  0.15492958  0.13366337  0.13705584  0.15346535  0.17801048  0.14678898  0.20078740  0.18897638  0.20472442  0.20472442  0.20472442  0.18897638  0.20472442
InternationalMA      0.11382114  0.09638554  0.11811024  0.15447155  0.14574899  0.12955466  0.12955466  0.13385826  0.14225942  0.07874016  0.10569106  0.10236221  0.10569106  0.14173229  0.12598425  0.13385826  0.09448819  0.10236221  0.03149606  0.01574803  0.01574803  0.03149606  0.02362205  0.01574803  0.07834101  0.03149606  0.06299213  0.00000000  0.04048583  0.03149606  0.04048583  0.03937008  0.06299213  0.05668016  0.03543307  0.04330709  0.06299213  0.05905512  0.04724409  0.03738318  0.07086615  0.05511811  0.07086615  0.04132231  0.02362205  0.03738318  0.05118110  0.11740891  0.11023622  0.14574899  0.14566930  0.13274336  0.11504425  0.13502109  0.12227074  0.12227074  0.11023622  0.10629921  0.16289593  0.11158799  0.15023474  0.14720812  0.12682927  0.13615024  0.12376238  0.13705584  0.15346535  0.16753927  0.11926606  0.19291338  0.18110237  0.19685039  0.20472442  0.20472442  0.18110237  0.20472442
Italian1897          0.08368201  0.08264463  0.09716599  0.12552302  0.12145749  0.13765182  0.13765182  0.13765182  0.12552302  0.10526316  0.07531381  0.07287449  0.08368201  0.13765182  0.09716599  0.10526316  0.11336032  0.12145749  0.03238866  0.04858300  0.04858300  0.06477733  0.06477733  0.04858300  0.10599078  0.05668016  0.08097166  0.04048583  0.00000000  0.07287449  0.01619433  0.04858300  0.03238866  0.04048583  0.02834008  0.02024291  0.05668016  0.06072874  0.07287449  0.07729468  0.04858300  0.04048583  0.08906882  0.03404255  0.06477733  0.07476635  0.06882591  0.11740891  0.12145749  0.13765182  0.14979757  0.12389380  0.09734514  0.13502109  0.12227074  0.12227074  0.10526316  0.10931174  0.15384616  0.09734514  0.13145539  0.14720812  0.11111111  0.12135922  0.10396039  0.13705584  0.13366337  0.16304348  0.13270143  0.19028340  0.17813765  0.19433199  0.20242915  0.20242915  0.17813765  0.20242915
ItalianSL            0.13821138  0.12048193  0.13385826  0.17073171  0.16194332  0.14574899  0.14574899  0.14960630  0.15062761  0.09448819  0.13008130  0.12598425  0.13008130  0.14960630  0.13385826  0.14173229  0.11023622  0.11023622  0.06299213  0.04724409  0.04724409  0.03937008  0.03149606  0.03937008  0.10599078  0.03937008  0.07874016  0.03149606  0.07287449  0.00000000  0.07287449  0.04724409  0.09448819  0.08906882  0.06692913  0.07480315  0.07086615  0.06692913  0.04724409  0.04672897  0.09448819  0.07874016  0.08661418  0.07438017  0.03149606  0.06542056  0.05118110  0.11740891  0.11811024  0.15384616  0.14566930  0.14159292  0.11504425  0.13502109  0.12227074  0.12227074  0.11811024  0.11417323  0.16289593  0.12875536  0.15023474  0.14720812  0.13658537  0.13615024  0.14356436  0.13705584  0.15346535  0.16753927  0.12844037  0.19291338  0.18110237  0.19685039  0.20472442  0.20472442  0.18110237  0.20472442
Brazilian1875        0.09205021  0.07438017  0.09716599  0.12552302  0.12145749  0.13765182  0.13765182  0.13765182  0.12552302  0.09716599  0.08368201  0.08097166  0.08368201  0.13765182  0.08906882  0.10526316  0.09716599  0.11336032  0.01619433  0.03238866  0.03238866  0.04858300  0.04858300  0.04858300  0.09677419  0.05668016  0.08097166  0.04048583  0.01619433  0.07287449  0.00000000  0.03238866  0.03238866  0.03238866  0.01214575  0.00404858  0.04048583  0.04453441  0.05668016  0.06763285  0.04858300  0.03238866  0.08097166  0.01702128  0.04858300  0.05607476  0.05263158  0.10931174  0.11336032  0.13765182  0.14170040  0.12389380  0.09734514  0.13502109  0.12227074  0.12227074  0.10526316  0.10931174  0.15384616  0.09734514  0.13145539  0.14720812  0.11111111  0.12135922  0.10396039  0.13705584  0.13366337  0.16304348  0.12322275  0.19028340  0.17813765  0.19433199  0.20242915  0.20242915  0.17813765  0.20242915
BrazilianSL          0.12195122  0.10441767  0.11811024  0.16260162  0.14574899  0.12955466  0.12955466  0.13385826  0.15062761  0.08661418  0.11382114  0.11023622  0.11382114  0.13385826  0.11811024  0.13385826  0.08661418  0.11023622  0.04724409  0.03149606  0.03149606  0.03149606  0.03149606  0.03937008  0.08755761  0.03937008  0.07086615  0.03937008  0.04858300  0.04724409  0.03238866  0.00000000  0.06299213  0.04858300  0.04330709  0.03543307  0.03937008  0.01968504  0.03149606  0.05607476  0.07874016  0.06299213  0.06299213  0.04958678  0.03149606  0.04672897  0.04330709  0.12400000  0.11023622  0.15384616  0.15354331  0.14159292  0.11504425  0.13502109  0.12227074  0.12227074  0.09448819  0.10505836  0.15384616  0.11158799  0.15023474  0.13705584  0.13658537  0.13615024  0.14356436  0.12690355  0.15346535  0.16753927  0.13761468  0.19291338  0.18110237  0.20233463  0.20472442  0.20472442  0.18110237  0.20472442
French1800           0.08943089  0.08032128  0.08661418  0.13008130  0.11336032  0.12955466  0.13765182  0.13385826  0.11715481  0.11811024  0.08130081  0.07874016  0.08130081  0.12598425  0.09448819  0.10236221  0.11023622  0.13385826  0.04724409  0.06299213  0.06299213  0.07874016  0.07874016  0.07086615  0.12442397  0.07874016  0.09448819  0.06299213  0.03238866  0.09448819  0.03238866  0.06299213  0.00000000  0.04858300  0.04330709  0.03543307  0.07086615  0.07480315  0.08661418  0.09345794  0.06299213  0.05511811  0.10236221  0.03305785  0.07874016  0.09345794  0.09055118  0.12550607  0.11811024  0.13765182  0.14566930  0.11504425  0.10619469  0.11814346  0.10480350  0.10480350  0.11811024  0.12204725  0.14479639  0.10300429  0.12206573  0.13705584  0.08780488  0.09859155  0.10396039  0.14720812  0.12376238  0.16753927  0.14678898  0.19291338  0.18110237  0.19685039  0.20472442  0.20472442  0.18110237  0.20472442
French1803           0.11715481  0.10743801  0.11336032  0.15062761  0.13765182  0.13765182  0.14574899  0.13765182  0.14225942  0.11336032  0.10878661  0.10526316  0.10878661  0.13765182  0.10526316  0.12145749  0.11336032  0.12955466  0.04858300  0.04858300  0.04858300  0.06477733  0.06477733  0.06477733  0.10599078  0.08097166  0.08097166  0.05668016  0.04048583  0.08906882  0.03238866  0.04858300  0.04858300  0.00000000  0.04453441  0.03643725  0.06477733  0.06072874  0.07287449  0.08695652  0.07287449  0.06477733  0.09716599  0.05106383  0.06477733  0.07476635  0.06882591  0.12550607  0.13765182  0.14574899  0.15789473  0.12389380  0.10619469  0.12658228  0.11353712  0.11353712  0.11336032  0.11740891  0.15384616  0.09734514  0.15023474  0.14720812  0.13131313  0.14077669  0.12376238  0.13705584  0.14356436  0.17391305  0.14218010  0.19838056  0.18623482  0.20242915  0.20242915  0.20242915  0.18623482  0.20242915
French1815           0.09349594  0.07630522  0.09842519  0.13414635  0.12550607  0.14170040  0.14170040  0.14566930  0.12133891  0.09055118  0.08536585  0.08267716  0.08536585  0.13779527  0.09842519  0.11417323  0.09842519  0.11417323  0.01181102  0.02755906  0.02755906  0.04330709  0.04330709  0.04330709  0.10138249  0.05118110  0.08267716  0.03543307  0.02834008  0.06692913  0.01214575  0.04330709  0.04330709  0.04453441  0.00000000  0.00787402  0.04330709  0.05511811  0.05905512  0.05607476  0.05118110  0.03543307  0.09055118  0.01239669  0.04330709  0.04672897  0.05511811  0.11336032  0.11417323  0.14170040  0.14173229  0.11946902  0.09292036  0.13080169  0.11790393  0.11790393  0.10629921  0.10236221  0.15384616  0.09871244  0.13145539  0.15228426  0.11219512  0.12206573  0.10891089  0.14213198  0.13861386  0.16753927  0.11926606  0.19685039  0.18503937  0.20078740  0.20866142  0.20866142  0.18503937  0.20866142
French1856           0.09349594  0.07630522  0.09842519  0.13414635  0.12550607  0.14170040  0.14170040  0.14566930  0.12970711  0.09842519  0.08536585  0.08267716  0.08536585  0.13779527  0.09842519  0.11417323  0.09842519  0.11417323  0.01968504  0.03543307  0.03543307  0.05118110  0.05118110  0.05118110  0.10138249  0.05905512  0.08267716  0.04330709  0.02024291  0.07480315  0.00404858  0.03543307  0.03543307  0.03643725  0.00787402  0.00000000  0.04330709  0.04724409  0.05905512  0.06542056  0.05905512  0.04330709  0.09055118  0.02066116  0.05118110  0.05607476  0.06299213  0.11336032  0.11417323  0.14170040  0.14173229  0.12831858  0.10176991  0.13924050  0.12663755  0.12663755  0.10629921  0.11023622  0.15384616  0.09871244  0.13145539  0.15228426  0.11219512  0.12206573  0.10891089  0.14213198  0.13861386  0.16753927  0.12844037  0.19685039  0.18503937  0.20078740  0.20866142  0.20866142  0.18503937  0.20866142
FrenchSL             0.12195122  0.10441767  0.11811024  0.16260162  0.14574899  0.14574899  0.14574899  0.14960630  0.15062761  0.11023622  0.11382114  0.11023622  0.11382114  0.13385826  0.11811024  0.13385826  0.11023622  0.11023622  0.04724409  0.05511811  0.05511811  0.06299213  0.06299213  0.06299213  0.10599078  0.06299213  0.08661418  0.06299213  0.05668016  0.07086615  0.04048583  0.03937008  0.07086615  0.06477733  0.04330709  0.04330709  0.00000000  0.03543307  0.03937008  0.06542056  0.07874016  0.06299213  0.07874016  0.04958678  0.06299213  0.07476635  0.05118110  0.10931174  0.11811024  0.14574899  0.14566930  0.15044248  0.11504425  0.14345992  0.13100436  0.13100436  0.11023622  0.10629921  0.15384616  0.11158799  0.14084508  0.15736040  0.13658537  0.13615024  0.14356436  0.14720812  0.14356436  0.15706806  0.14678898  0.19291338  0.18110237  0.19685039  0.20472442  0.20472442  0.18110237  0.20472442
FrenchBelgianSL      0.13414635  0.11646587  0.12992126  0.17479675  0.15789473  0.14170040  0.14170040  0.14566930  0.16317992  0.10629921  0.12601626  0.12204725  0.12601626  0.13779527  0.12992126  0.14566930  0.10629921  0.09055118  0.05905512  0.05118110  0.05118110  0.05118110  0.05118110  0.04330709  0.11059908  0.05118110  0.08267716  0.05905512  0.06072874  0.06692913  0.04453441  0.01968504  0.07480315  0.06072874  0.05511811  0.04724409  0.03543307  0.00000000  0.03543307  0.06074766  0.09055118  0.07480315  0.06692913  0.06198347  0.05118110  0.07009346  0.03149606  0.12145749  0.11417323  0.15789473  0.15748031  0.15486726  0.12831858  0.14767933  0.13537118  0.13537118  0.10629921  0.11023622  0.15837105  0.12446352  0.15492958  0.13705584  0.14634146  0.14553991  0.15346535  0.12690355  0.15346535  0.16230367  0.15137614  0.19685039  0.18503937  0.20078740  0.20866142  0.20866142  0.18503937  0.20866142
MexicanSL            0.13821138  0.12048193  0.13385826  0.17886178  0.16194332  0.13765182  0.13765182  0.14173229  0.16736402  0.10236221  0.13008130  0.12598425  0.13008130  0.14173229  0.13385826  0.14960630  0.10236221  0.10236221  0.04724409  0.03149606  0.03149606  0.03937008  0.04724409  0.05511811  0.09677419  0.05511811  0.07086615  0.04724409  0.07287449  0.04724409  0.05668016  0.03149606  0.08661418  0.07287449  0.05905512  0.05905512  0.03937008  0.03543307  0.00000000  0.03738318  0.09448819  0.07874016  0.06299213  0.06611570  0.04724409  0.04672897  0.03543307  0.13095239  0.11023622  0.15384616  0.15354331  0.15929204  0.13274336  0.15833333  0.14655173  0.14655173  0.11583012  0.11969112  0.16289593  0.12875536  0.15023474  0.14720812  0.14634146  0.14553991  0.15346535  0.13705584  0.15346535  0.15706806  0.14678898  0.19291338  0.18110237  0.19685039  0.20472442  0.20472442  0.18110237  0.20472442
QuebecSL             0.13592233  0.13397129  0.14018692  0.17475729  0.16425121  0.13526569  0.13526569  0.14018692  0.15075377  0.09345794  0.13592233  0.13084112  0.13592233  0.14953271  0.13084112  0.13084112  0.10280374  0.09345794  0.04672897  0.02803738  0.02803738  0.01869159  0.02803738  0.04672897  0.07486631  0.05607476  0.07476635  0.03738318  0.07729468  0.04672897  0.06763285  0.05607476  0.09345794  0.08695652  0.05607476  0.06542056  0.06542056  0.06074766  0.03738318  0.00000000  0.10280374  0.08411215  0.07476635  0.06603774  0.02803738  0.05263158  0.06074766  0.13043478  0.11214953  0.16425121  0.15420561  0.15053764  0.12903225  0.14213198  0.14814815  0.14814815  0.13084112  0.12616822  0.16425121  0.11822660  0.15075377  0.14970060  0.14545454  0.14450867  0.14534883  0.13772455  0.15697674  0.15469614  0.12371134  0.19626169  0.18691589  0.20560747  0.21495327  0.21495327  0.18691589  0.21495327
Dutch1790            0.08943089  0.08032128  0.09448819  0.11382114  0.11336032  0.12955466  0.12145749  0.13385826  0.11715481  0.09448819  0.08130081  0.07874016  0.07317073  0.13385826  0.11023622  0.11811024  0.11023622  0.12598425  0.05511811  0.07086615  0.07086615  0.08661418  0.08661418  0.07874016  0.12442397  0.07874016  0.10236221  0.07086615  0.04858300  0.09448819  0.04858300  0.07874016  0.06299213  0.07287449  0.05118110  0.05905512  0.07874016  0.09055118  0.09448819  0.10280374  0.00000000  0.03149606  0.08661418  0.05785124  0.08661418  0.09345794  0.07480315  0.12550607  0.13385826  0.13765182  0.15354331  0.09734514  0.08849557  0.12658228  0.11353712  0.11353712  0.11023622  0.10629921  0.14479639  0.09442060  0.12206573  0.13705584  0.11707317  0.12676056  0.09405941  0.12690355  0.12376238  0.16753927  0.13761468  0.19291338  0.17322835  0.20472442  0.20472442  0.20472442  0.18897638  0.20472442
Dutch1820            0.11382114  0.08835341  0.11811024  0.14634146  0.13765182  0.15384616  0.15384616  0.15748031  0.13389121  0.11023622  0.10569106  0.10236221  0.10569106  0.14960630  0.11811024  0.12598425  0.12598425  0.13385826  0.03937008  0.05511811  0.05511811  0.07086615  0.07086615  0.06299213  0.11520737  0.06299213  0.10236221  0.05511811  0.04048583  0.07874016  0.03238866  0.06299213  0.05511811  0.06477733  0.03543307  0.04330709  0.06299213  0.07480315  0.07874016  0.08411215  0.03149606  0.00000000  0.05511811  0.04132231  0.07086615  0.06542056  0.05905512  0.11740891  0.12598425  0.13765182  0.14566930  0.12389380  0.09734514  0.13502109  0.12227074  0.12227074  0.11811024  0.11417323  0.16289593  0.12017167  0.14084508  0.14720812  0.12682927  0.13615024  0.12376238  0.13705584  0.14356436  0.16753927  0.12844037  0.19291338  0.18110237  0.19685039  0.20472442  0.20472442  0.18110237  0.20472442
